VisFoil - Sun Feb 28 21:48:23 2016
1.000000000000000000	0.000000000000000000
0.985243126322048690	0.002299542499547088
0.970474205798271372	0.004479720852674716
0.955696562103363068	0.006542747436747538
0.940913524785726874	0.008490846479276242
0.926128428927546099	0.010326253829582617
0.911344614804220243	0.012051216728780199
0.896565427543244753	0.013667993578123469
0.881794216782610385	0.015178853705778787
0.867034336328797339	0.016586077132071025
0.852289143814446648	0.017891954333259963
0.837562000355780212	0.019098786003900994
0.822856270209849638	0.020208882817845109
0.808175320431692490	0.021224565187933395
0.793522520531468989	0.022148163024441562
0.778901242131659344	0.022982015492330435
0.764314858624398852	0.023728470767358525
0.749766744829023835	0.024389885791113036
0.735260276649910227	0.024968626025015934
0.720798830734675211	0.025467065203361904
0.706385784132824490	0.025887585085445249
0.692024513954914045	0.026232575206832816
0.677718397032307962	0.026504432629840261
0.663470809577603071	0.026705561693269167
0.649285126845797755	0.026838373761462427
0.635164722796277892	0.026905286972735566
0.621112969755694522	0.026908725987241595
0.607133238081807747	0.026851121734327077
0.593228895828366243	0.026734911159437123
0.579403308411099438	0.026562536970626903
0.565659838274893079	0.026336447384737394
0.552001844562216237	0.026059095873292838
0.538432682782875816	0.025732940908177480
0.524955704485165708	0.025360445707148894
0.511574256928480353	0.024944077979245152
0.498291682757463161	0.024486309670143126
0.485111319677757169	0.023989616707524520
0.472036500133425019	0.023456478746506765
0.459070550986106884	0.022889378915195054
0.446216793195981454	0.022290803560411986
0.433478541504593917	0.021663241993660813
0.420859104119619576	0.021009186237378057
0.408361782401622631	0.020331130771531241
0.395989870552875101	0.019631572280616454
0.383746655308299267	0.018913009401111187
0.371635415628591870	0.018177942469436558
0.359659422395593231	0.017428873270483137
0.347821938109958317	0.016668304786754316
0.336126216591191684	0.015898740948180393
0.324575502680099603	0.015122686382656325
0.313173031943719871	0.014342646167355777
0.301922030382782369	0.013561125580873315
0.290825714141756786	0.012780629856246391
0.279887289221539326	0.012003663934908213
0.269109951194833663	0.011232732221621940
0.258496884924274528	0.010470338340446351
0.248051264283347339	0.009718984891782332
0.237776251880151501	0.008981173210549186
0.227674998784057225	0.008259403125539170
0.217750644255300746	0.007556172719997770
0.208006315477568038	0.006873978093477183
0.198445127293608137	0.006215313125009398
0.189070181943922389	0.005582669237644576
0.179884568808572093	0.004978535164400453
0.170891364152145481	0.004405396715666877
0.162093630871925631	0.003865736548109767
0.153494418249297798	0.003362033935117495
0.145096761704435112	0.002896764538832476
0.136903682554298994	0.002472400183809558
0.128918187773990972	0.002091408632342571
0.121143269761489550	0.001756253361499248
0.113581906105806915	0.001469393341904377
0.106237059358596314	0.001233282818309906
0.099111676809242891	0.001050371091990290
0.092208690263466217	0.000923102305000420
0.085531015825464352	0.000853915226332798
0.079081553683626585	0.000845243040009751
0.072863187899840920	0.000899513135145720
0.066878786202421950	0.001019146898013957
0.061131199782682367	0.001206559506151031
0.055623263095171113	0.001464159724531674
0.050357793661599856	0.001794349703846054
0.045337591878477364	0.002199524780910190
0.040565440828471661	0.002682073281239827
0.036044106095517163	0.003244376323817153
0.031776335583683570	0.003888807628078752
0.027764859339822697	0.004617733323152537
0.024012389380006164	0.005433511759370452
0.020521619519768299	0.006338493322082978
0.017295225208165423	0.007335020247800484
0.014335863365662557	0.008425426442685844
0.011646172225856954	0.009612037303421594
0.009228771181046948	0.010897169540474311
0.007086260631653312	0.012283131003777911
0.005221221839499229	0.013772220510856768
0.003636216784953828	0.015366727677408563
0.002333788027943103	0.017068932750366157
0.001316458572830840	0.018881106443456797
0.000586731737171330	0.020805509775275850
0.000147091024334064	0.022844393909892097
0.000000000000000000	0.025000000000000001
0.000117818555485456	0.027256319042833273
0.000470561201144362	0.029524055248622862
0.001057168306627869	0.031801375609026974
0.001876592800369783	0.034086444785878037
0.002927799373291569	0.036377424914913525
0.004209763690234571	0.038672475420161299
0.005721471608853288	0.040969752838974111
0.007461918405718497	0.043267410657714167
0.009430108009393798	0.045563599158093833
0.011625052240263530	0.047856465274183607
0.014045770056904230	0.050144152460103529
0.016691286808806036	0.052424800568418591
0.019560633495263834	0.054696545739263358
0.022652846030272036	0.056957520300224641
0.025966964513269984	0.059205852677015412
0.029502032505598290	0.061439667314976278
0.033257096312539605	0.063657084611444203
0.037231204270830237	0.065856220859031658
0.041423406041541780	0.068035188199861249
0.045832751908244297	0.070192094590804485
0.050458292080375826	0.072325043779774376
0.055299076001754592	0.074432135293124896
0.060354151664182815	0.076511464434210641
0.065622564926103355	0.078561122293162491
0.071103358836282257	0.080579195767935818
0.076795572962501918	0.082563767596688764
0.082698242725261967	0.084512916401548399
0.088810398736495960	0.086424716743823626
0.095131066143324061	0.088297239190722854
0.101659263976873054	0.090128550393634904
0.108394004506206371	0.091916713178030851
0.115334292597418411	0.093659786645043430
0.122479125077957829	0.095355826284779968
0.129827490106256355	0.097002884101423145
0.137378366546749814	0.098599008750172121
0.145130723350389540	0.100142245686074757
0.153083518940752089	0.101630637324799128
0.161235700605866561	0.103062223215389964
0.169586203895889326	0.104435040225053274
0.178133952026764547	0.105747122736007768
0.186877855290022071	0.106996502854440054
0.195816810468870506	0.108181210631594873
0.204949700260756928	0.109299274297029014
0.214275392706570922	0.110348720504051923
0.223792740626682390	0.111327574587371539
0.233500581064012086	0.112233860832959817
0.243397734734340121	0.113065602760144407
0.253483005484070600	0.113820823415930472
0.263755179755675973	0.114497545681547644
0.274213026061056020	0.115093792591212787
0.284855294463050968	0.115607587663090858
0.295680716065362115	0.116036955242431100
0.306688002511133651	0.116379920856845745
0.317875845490465270	0.116634511583694145
0.329242916257123985	0.116798756429523642
0.340787865154738967	0.116870686721513489
0.352509321152763233	0.116848336510857187
0.364405891392495462	0.116729742988010921
0.376476160743463517	0.116512946909726578
0.388718691370469993	0.116195993037777501
0.401132022311615877	0.115776930589276711
0.413714669067613172	0.115253813698476315
0.426465123202709462	0.114624701889926545
0.439381851957548808	0.113887660562863188
0.452463297874296844	0.113040761486680630
0.465707878434363898	0.112082083307336336
0.479113985709058998	0.111009712064522828
0.492679986023517480	0.109821741719429933
0.506404219634237429	0.108516274692909476
0.520285000420571797	0.107091422413842424
0.534320615590516801	0.105545305877496123
0.548509325401144610	0.103876056213647511
0.562849362894019434	0.102081815264235001
0.577338933645949681	0.100160736170289935
0.591976215535413131	0.098110983967885229
0.606759358525003289	0.095930736192826091
0.621686484460234112	0.093618183493795012
0.636755686885045247	0.091171530253649838
0.651965030874341878	0.088588995218560826
0.667312552883901566	0.085868812134659564
0.682796260617978046	0.083009230391859160
0.698414132914924490	0.080008515674492145
0.714164119651156337	0.076864950618399402
0.730044141663761970	0.073576835474090024
0.746052090692075676	0.070142488775579298
0.762185829338502985	0.066560248014499057
0.778443191048895478	0.062828470319060831
0.794821980112756843	0.058945533137440984
0.811319971683552188	0.054909834925143119
0.827934911819387720	0.050719795835881112
0.844664517544312821	0.046373858415513919
0.861506476930487652	0.041870488298551119
0.878458449201448444	0.037208174906736446
0.895518064856690388	0.032385432149205078
0.912682925817771440	0.027400799123699200
0.929950605596132740	0.022252840818315446
0.947318649482815300	0.016940148813247239
0.964784574760231717	0.011461341981975688
0.982345870936147225	0.005815067191351084
1.000000000000000000	0.000000000000000000
